48.89
233.97
457.16
479.46
336.51
51.14
243.85
473.30
490.35
337.59
257.74
263.75
233.82
171.20
134.14
114.53
83.57
48.87
24.45
4.36
-18.34
-40.73
-60.81
-81.48
-102.20
-116.79
-122.12
-123.05
-129.18
-145.17
-162.45
-171.48
-175.72
-180.06
-182.93
-184.32
-185.91
-186.05
-183.52
-180.21
-178.50
-178.59
-177.62
-173.79
-169.29
-166.26
-162.28
-155.20
-147.05
-140.43
-135.04
-129.39
-123.41
-116.90
-108.62
-99.25
-90.93
-84.51
-78.71
-71.46
-63.13
-57.09
-51.93
-42.75
-32.05
-25.42
-20.54
-13.38
-6.05
-0.87
3.14
7.10
11.88
19.09
27.40
33.24
37.68
45.31
53.19
53.05
49.38
51.48
56.10
60.08
66.23
71.47
72.72
73.39
77.10
83.50
88.10
87.29
84.87
85.93
87.12
85.21
84.77
86.68
87.96
89.55
91.81
92.72
92.52
93.12
94.25
93.77
91.15
87.82
87.10
88.87
87.00
80.34
75.73
75.82
75.91
72.20
66.57
63.23
63.51
65.18
65.07
61.15
55.91
52.91
51.17
51.45
54.97
53.27
41.52
29.99
26.80
28.16
28.34
26.30
23.50
19.55
13.98
10.59
10.52
9.57
6.13
2.47
-0.46
-3.36
-6.32
-7.21
-6.30
-6.67
-9.29
-13.41
-17.57
-19.57
-18.29
-16.39
-18.02
-22.35
-24.82
-24.80
-25.26
-25.70
-24.95
-26.25
-29.77
-30.01
-26.97
-25.54
-24.95
-25.18
-31.76
-41.65
-41.85
-33.04
-28.81
-30.23
-27.92
-23.29
-26.32
-35.50
-40.52
-39.94
-39.06
-38.17
-34.87
-30.98
-30.15
-30.96
-31.18
-32.22
-32.86
-30.74
-30.53
-34.40
-35.34
-30.66
-25.57
-23.34
-22.45
-21.05
-18.88
-17.80
-18.09
-17.32
-16.07
-17.33
-18.83
-18.10
-18.33
-20.46
-21.80
-19.74
-14.38
-10.18
-9.22
-8.74
-7.41
-5.21
-2.57
-0.97
-0.26
-1.45
-6.88
-12.35
-9.57
1.61
10.89
8.01
-3.70
-10.07
-6.01
-1.34
-1.88
-3.18
-1.81
1.83
6.89
9.44
7.24
5.65
9.95
14.60
11.42
4.89
4.92
10.16
10.75
5.81
5.88
12.29
14.69
10.56
6.47
6.38
8.27
7.81
5.14
4.37
5.47
6.78
9.75
12.40
11.31
11.06
13.95
13.91
11.51
12.50
12.54
7.11
2.09
3.65
7.38
7.18
8.37
14.98
14.64
3.00
-2.28
4.22
8.27
5.03
2.94
5.56
7.10
2.70
-3.04
-2.10
3.66
6.92
7.01
6.12
5.40
10.26
18.79
19.84
13.41
9.16
8.12
5.79
2.57
0.39
-1.50
-4.81
-8.13
-8.45
-8.10
-10.34
-12.12
-12.50
-13.58
-13.03
-9.45
-7.33
-7.92
-8.77
-8.38
-4.43
1.85
3.77
1.00
-1.18
-2.42
-1.31
6.15
11.18
3.85
-5.76
-6.07
-2.73
-2.30
-3.13
-2.18
-0.88
-2.31
-3.44
-0.09
3.00
0.74
-3.26
-3.64
0.22
4.21
2.83
-2.40
-5.02
-5.24
-4.07
-0.62
1.67
1.44
2.13
3.85
6.02
7.32
4.55
1.34
1.52
0.10
-2.69
-0.11
5.18
5.57
0.70
-4.31
-3.57
2.57
4.85
-0.19
-4.48
-4.63
-3.53
-1.19
4.19
10.59
9.25
-0.20
-5.26
-3.46
-4.19
-6.70
-3.43
2.36
2.23
-3.09
-4.68
0.22
3.66
2.12
2.02
3.49
0.71
-3.88
-5.08
-3.08
-0.19
0.86
-0.44
-1.23
-0.68
0.35
1.89
2.12
-0.41
-3.05
-4.10
-4.49
-4.29
-3.91
-4.00
-3.86
-3.96
-3.56
1.24
6.74
5.43
0.71
-1.17
-1.94
-2.52
-0.45
2.06
1.95
3.56
8.27
5.29
-8.13
-15.95
-10.43
-3.25
-2.29
-2.60
-0.58
1.90
2.81
1.37
0.16
1.67
3.63
3.94
2.35
-0.88
-1.41
2.91
5.67
2.85
-0.91
-2.36
-3.40
-2.45
1.37
3.48
2.43
0.96
-0.18
-0.81
-0.27
0.69
2.09
3.14
1.49
-0.18
0.61
0.19
-0.87
0.84
2.17
0.72
-0.36
-1.48
-3.30
-3.10
1.16
9.23
12.44
1.94
-9.12
-7.63
-4.15
-4.55
-1.39
4.26
6.51
5.09
2.55
1.67
1.14
-0.48
0.45
3.42
3.28
0.46
-3.40
-6.94
-5.62
-1.27
-1.64
-4.96
-3.80
-0.42
-0.36
-1.24
0.45
2.95
2.72
0.70
1.78
4.67
4.02
2.57
3.98
4.99
3.77
2.28
1.01
0.62
1.71
2.24
-0.07
-3.53
-4.53
0.17
8.31
7.32
-4.41
-9.99
-4.53
0.45
0.62
-0.68
-1.69
-2.42
-3.37
-3.10
0.29
2.83
0.47
-2.25
-1.01
1.01
-0.42
-3.92
-5.81
-4.97
-4.19
-4.26
-4.20
-5.60
-6.92
-2.97
2.62
2.10
-2.17
-2.70
1.09
3.59
3.18
3.82
3.55
-1.65
-4.31
0.43
3.05
0.27
-0.67
0.20
-1.05
-1.63
2.87
10.50
12.17
4.45
-3.29
-5.35
-6.75
-7.71
-4.26
0.44
2.06
1.68
1.38
2.49
4.00
4.27
5.33
6.45
3.84
-0.77
-3.83
-4.56
-2.02
1.39
1.72
1.29
1.43
0.19
-0.55
0.18
-0.30
-0.77
0.43
0.91
-0.19
-1.00
-1.29
-1.13
-0.35
-1.03
-3.09
-2.65
-0.15
0.27
-1.29
0.01
4.55
7.91
8.04
3.70
-5.44
-11.45
-6.98
1.90
4.88
2.45
0.34
-0.61
-1.44
-1.37
-0.27
1.68
3.53
3.45
2.42
2.58
2.26
0.19
-1.84
-3.72
-4.34
-3.84
-5.91
-7.26
-3.11
1.64
2.95
2.07
0.80
3.13
7.63
5.49
-3.95
-10.15
-6.80
1.27
4.16
-0.74
-3.86
0.99
4.89
3.12
3.43
8.07
12.59
11.23
2.57
-4.16
-4.15
-2.51
-1.54
-3.10
-6.91
-4.48
3.64
5.70
2.46
1.50
2.98
5.75
7.45
4.03
-2.13
-5.83
-6.21
-5.01
-4.64
-5.57
-3.30
2.66
5.81
3.66
1.29
2.05
3.35
0.10
-6.54
-8.04
-4.79
-4.16
-0.48
11.03
18.41
15.91
11.09
5.83
-0.69
-4.82
-5.75
-4.89
-1.08
0.87
-8.43
-23.37
-25.44
-12.53
-4.92
-10.92
-14.55
-8.15
-2.73
-3.86
-6.16
-5.85
-4.41
-4.23
-4.80
-3.71
-1.47
-0.13
1.54
3.53
2.20
-1.37
-0.92
3.39
5.93
4.92
3.46
5.52
8.77
7.92
3.89
-0.53
-4.24
-2.87
2.91
5.41
4.35
4.79
6.08
7.07
7.64
5.19
0.08
-1.50
2.97
9.61
13.63
9.93
-0.91
-9.18
-8.92
-4.38
-0.96
1.16
3.28
2.67
-0.99
-1.60
2.35
5.24
5.87
5.40
1.79
-2.47
-1.56
0.42
-1.91
-3.92
-1.67
1.80
2.40
0.04
-1.37
-0.51
0.48
2.81
5.81
4.93
1.57
-0.10
-1.03
-1.61
-0.27
0.87
0.51
1.72
3.30
1.48
-1.47
-2.05
-0.08
1.30
-0.83
-4.05
-3.35
2.73
8.25
4.18
-5.83
-8.46
-2.85
1.32
1.74
1.79
1.47
0.52
-0.45
-2.46
-4.69
-4.49
-2.83
-1.93
-1.83
-2.05
-1.22
-0.14
-1.78
-3.77
-3.03
-2.75
-3.29
-1.40
1.90
4.48
4.87
2.00
-0.61
-0.04
0.39
-2.29
-5.88
-4.70
1.74
4.66
0.80
-1.20
1.06
-0.04
-2.91
-0.32
1.85
-3.48
-7.84
-3.86
1.41
4.11
8.97
12.30
4.71
-6.84
-7.23
-0.55
0.84
-1.94
-4.41
-7.51
-8.29
-4.66
-2.07
-1.46
0.54
2.23
2.68
3.17
3.73
5.21
6.25
2.44
-3.91
-6.37
-3.62
0.33
0.82
-1.72
-2.54
-1.18
-0.36
-0.18
-1.45
-4.18
-3.66
-0.03
0.49
-1.06
0.77
3.30
3.18
4.19
8.38
9.73
4.16
-2.85
-4.55
-2.90
-1.83
-0.57
1.59
5.34
12.77
16.74
7.59
-5.05
-5.98
-0.05
0.10
-6.17
-11.19
-10.24
-7.16
-5.96
-3.02
2.64
4.74
1.78
-0.45
1.09
4.95
6.75
2.38
-3.89
-4.80
-2.20
-1.22
-2.07
-1.89
1.00
4.33
4.31
1.56
-0.52
-0.63
1.15
1.93
-0.88
-1.17
5.25
8.89
4.10
-0.21
0.23
0.07
-1.24
-1.76
-2.48
-3.08
-2.97
-1.98
0.64
5.61
13.80
17.27
3.08
-17.69
-20.41
-9.51
-3.77
-2.14
0.97
1.42
-0.45
-0.05
1.12
0.92
2.24
5.49
4.63
-1.71
-4.82
-1.39
1.12
0.65
1.44
2.59
2.00
1.36
1.37
1.19
-0.37
-2.68
-2.49
-0.92
-4.02
-8.84
-6.61
1.24
6.04
5.06
3.04
3.26
3.84
2.62
1.17
1.53
2.87
3.31
2.84
2.43
2.85
1.75
-2.14
-2.34
6.82
14.93
9.18
-3.58
-10.02
-8.94
-5.63
-3.22
-1.45
0.28
-0.61
-4.19
-6.25
-5.26
-3.52
-2.76
-2.80
-1.11
1.55
-0.08
-4.42
-4.71
-2.17
-0.86
-0.46
-0.26
0.37
0.98
-0.81
-2.69
-1.95
-2.05
-2.48
0.24
2.18
0.99
1.38
3.65
4.13
3.05
3.19
4.86
6.24
4.66
-0.06
-4.76
-6.75
-5.29
-2.37
-0.78
1.26
5.68
4.76
-4.92
-10.42
-4.83
2.26
3.28
-0.55
-3.79
-2.39
1.06
2.78
4.50
10.48
19.35
22.94
18.26
10.81
4.67
0.18
-2.49
-5.04
-9.16
-12.05
-11.16
-10.48
-11.54
-10.03
-6.26
-4.18
-3.98
-6.37
-10.46
-11.40
-9.61
-9.88
-10.42
-7.60
-3.86
-2.10
-2.77
-3.59
-1.27
0.56
-1.80
-2.84
0.79
3.83
4.78
8.84
13.46
8.06
-2.69
-3.88
0.47
-1.50
-4.13
0.77
5.71
5.29
5.73
8.89
9.18
5.08
1.91
5.02
10.58
11.02
7.93
5.57
2.97
0.44
-1.36
-3.13
-1.84
3.35
5.12
1.24
-1.53
-1.21
-0.42
2.37
6.07
6.71
5.57
4.14
1.93
0.54
0.07
-1.96
-3.85
-2.18
1.63
2.20
-0.82
-0.93
3.31
8.13
13.41
14.45
4.08
-8.63
-11.25
-8.39
-7.23
-5.91
-3.24
-0.65
-0.20
-1.95
-2.33
-0.66
0.61
2.53
4.76
1.57
-5.24
-7.14
-5.23
-5.05
-5.06
-3.46
-1.88
-0.75
-0.40
-0.84
-1.11
-1.84
-1.98
0.82
2.70
0.04
-2.23
-0.85
1.07
0.84
-0.63
0.38
3.60
4.51
1.50
-2.20
-3.46
-1.09
1.58
0.51
1.45
7.63
7.18
-2.69
-7.08
-2.93
-0.77
-2.90
-5.45
-6.98
-6.01
-3.38
-1.47
-0.63
-2.55
-4.85
-2.67
-0.17
-1.69
-2.65
-1.84
-3.17
-5.51
-5.59
-3.62
-1.40
-1.08
-1.46
0.80
4.05
3.91
0.52
-1.86
0.40
4.15
3.88
0.23
-1.38
-0.05
1.67
3.18
3.95
3.29
1.92
0.37
0.05
3.31
7.30
6.78
5.02
8.87
11.02
0.21
-12.71
-11.08
-3.05
-2.32
-3.79
-1.25
-0.44
-3.02
-1.84
2.63
3.67
1.74
1.17
3.00
5.29
5.91
4.94
3.25
0.84
-0.77
-0.23
0.28
-0.87
-1.68
-0.05
2.68
3.77
3.06
1.31
-2.33
-4.85
-2.48
1.23
0.83
-1.59
-2.00
-1.99
-2.13
-1.01
-0.92
-1.52
-0.86
-3.68
-9.87
-10.89
-7.17
-2.96
4.66
11.44
9.12
2.54
-0.40
-1.31
-1.89
-0.12
2.68
3.61
2.75
3.04
4.48
3.51
1.26
1.39
2.20
1.20
1.67
4.30
3.63
-0.18
-1.69
-1.65
-5.64
-11.43
-10.72
-4.51
-0.76
-0.37
-0.62
-1.99
-2.47
0.07
3.03
5.03
5.95
3.11
-0.02
2.51
5.34
3.06
1.35
4.19
7.82
7.22
1.25
-4.35
-4.45
-0.05
7.66
15.77
14.11
1.54
-7.12
-5.60
-1.55
4.44
15.78
25.23
22.92
11.76
4.29
3.02
0.41
-3.94
-6.15
-8.49
-13.57
-16.74
-14.35
-9.70
-8.17
-10.33
-14.07
-16.41
-15.59
-12.43
-9.71
-9.38
-10.69
-12.10
-13.29
-13.99
-12.54
-9.87
-8.01
-5.88
-3.25
-2.87
-5.38
-6.99
-3.91
1.51
3.46
0.90
-0.46
0.89
2.00
3.35
6.23
11.65
18.24
16.00
5.20
1.64
5.77
3.83
-1.84
-1.18
1.90
1.48
0.89
2.43
2.83
1.24
1.64
4.74
7.01
7.80
6.18
1.63
-0.35
1.36
-0.11
-1.67
3.08
7.52
5.41
1.48
0.50
2.28
4.25
4.52
4.62
4.68
1.76
-0.76
1.86
5.78
7.34
7.91
6.44
3.82
3.43
3.33
2.32
3.46
4.49
1.55
-0.02
7.58
17.91
13.16
-5.02
-13.88
-8.74
-7.29
-12.19
-10.80
-3.99
-1.88
-3.83
-3.41
-0.71
0.54
0.86
2.43
3.73
1.42
-3.02
-4.27
-1.93
0.11
-0.30
-2.66
-4.67
-5.32
-6.04
-6.04
-3.37
-0.62
0.11
1.19
3.55
4.27
3.11
1.67
-0.79
-3.20
-1.53
2.90
4.62
2.48
-0.74
-2.16
-1.22
0.25
0.02
-2.08
-1.86
4.64
10.37
4.59
-6.14
-7.04
-2.30
-3.51
-6.74
-3.74
0.86
1.07
0.78
2.80
2.70
-1.07
-5.59
-9.12
-9.90
-6.48
-2.25
-1.68
-2.96
-2.20
0.54
3.13
3.54
2.63
2.23
1.85
0.72
-0.81
-3.26
-5.01
-4.23
-3.33
-4.15
-5.09
-5.08
-3.63
-1.16
0.96
3.08
5.19
6.47
6.89
5.57
0.78
-4.49
-5.16
-0.58
6.62
8.89
0.83
-6.89
-3.67
1.32
-0.90
-4.26
-3.52
-0.64
3.21
6.88
6.18
2.02
-0.15
0.66
2.07
2.97
2.51
0.66
-0.38
0.02
-0.35
-1.20
-0.53
1.50
2.84
0.94
-2.43
-3.44
-3.13
-2.61
-1.01
0.42
1.22
1.45
0.62
0.49
1.68
1.77
1.82
3.68
5.48
4.89
1.23
-2.20
-1.27
1.32
2.57
5.85
11.52
12.43
4.85
-4.50
-7.43
-5.17
-4.09
-5.35
-4.72
-2.29
-0.99
0.09
1.28
1.32
0.53
-1.60
-3.10
-2.03
-1.38
-2.04
-0.64
2.22
2.74
1.01
-0.50
-1.16
-3.14
-6.05
-5.64
-1.08
3.22
3.97
0.35
-4.97
-5.56
-0.96
1.31
0.91
2.03
2.01
-1.45
-3.98
-3.00
0.06
3.15
4.10
2.99
2.03
1.66
2.23
7.25
17.17
21.35
9.21
-8.49
-12.22
-5.31
-3.42
-5.90
-3.69
0.42
0.19
-1.50
-0.89
0.61
0.94
-0.84
-3.69
-5.85
-5.40
-0.89
2.88
-0.40
-5.08
-2.45
1.94
-0.83
-6.61
-6.33
-1.48
0.41
-1.08
-1.51
0.44
2.00
0.62
-1.87
-1.28
1.26
0.63
-2.64
-3.14
-0.73
0.81
0.42
-0.68
-0.90
0.39
1.11
-0.07
-0.62
1.72
7.33
11.54
5.60
-6.33
-10.47
-7.19
-6.18
-5.59
-1.24
2.23
3.10
4.49
3.90
-0.25
-2.42
0.01
4.11
7.68
8.65
5.83
2.42
2.47
5.25
6.41
3.37
-0.46
-0.86
0.44
1.08
2.54
2.98
-0.04
-2.93
-2.29
-0.60
-0.22
0.16
1.02
1.39
0.27
-1.47
-1.78
-0.45
1.93
3.99
3.26
0.86
-0.29
-1.40
-4.75
-5.93
1.53
11.58
9.07
-5.03
-11.97
-5.30
1.55
0.59
-0.96
1.53
1.70
-3.15
-7.30
-7.95
-5.55
2.21
14.52
22.67
19.59
9.02
0.81
-1.27
-2.07
-5.37
-8.24
-6.96
-3.57
-3.44
-5.87
-7.46
-8.52
-9.22
-8.30
-6.82
-7.00
-9.85
-13.25
-12.00
-6.95
-5.41
-6.36
-3.13
1.18
-0.94
-7.73
-10.44
-5.53
0.66
1.87
0.22
-1.03
1.29
7.98
7.38
-3.92
-8.44
-0.06
7.51
7.99
6.25
4.55
4.15
6.88
9.82
9.91
8.79
6.22
1.31
-1.01
1.80
4.21
2.51
0.60
0.66
0.25
-0.96
-1.41
-0.70
1.75
5.43
7.08
3.61
-1.20
-0.61
4.46
8.06
8.16
4.43
-3.01
-6.47
-1.30
3.64
1.24
-2.59
-1.89
0.22
-0.66
-1.64
0.81
2.57
2.27
5.19
7.60
1.59
-3.81
-1.12
0.98
-0.95
-0.51
2.98
5.20
3.53
-0.53
-2.18
0.97
4.90
4.45
0.91
-1.15
-0.89
-3.95
-11.41
-14.37
-10.19
-5.52
-3.20
-1.98
-0.01
2.65
3.50
2.54
1.85
1.46
2.62
5.35
5.25
2.55
1.61
1.88
0.49
-1.21
-0.91
1.69
3.59
-2.49
-14.41
-16.75
-8.14
-0.82
5.07
9.38
1.59
-11.63
-11.93
-2.07
3.84
3.84
2.80
2.54
1.03
-0.99
0.48
2.54
0.21
-2.04
1.15
5.62
3.51
-4.40
-8.11
-4.66
-1.88
-2.70
-1.97
1.02
2.55
2.72
2.40
0.40
-0.10
3.92
7.56
4.07
-2.32
-2.07
2.80
3.20
-0.44
-1.07
1.73
2.57
0.34
-1.97
-2.02
0.27
2.69
6.58
12.44
9.45
-4.54
-12.27
-7.31
-1.18
0.08
-0.66
-0.39
0.26
-1.56
-4.59
-4.68
-2.77
-2.34
-2.76
-2.39
-1.65
-0.71
-0.32
-0.77
-1.04
-2.17
-4.08
-2.83
1.73
3.43
-0.24
-2.46
-0.16
0.12
-2.66
-0.61
4.14
1.60
-5.04
-4.41
2.33
5.73
5.15
5.26
5.18
2.58
-0.78
-2.91
-2.19
1.70
5.49
7.26
5.80
-3.00
-13.55
-13.48
-4.51
1.57
-0.01
-3.98
-3.13
-0.27
-2.94
-6.83
-5.47
-3.11
-2.56
-0.46
1.44
0.48
-0.58
-0.30
0.41
1.82
3.62
3.39
-0.71
-4.09
-1.49
2.44
1.78
0.14
1.86
5.64
7.18
3.41
-0.76
0.27
3.14
3.76
4.11
4.56
3.65
3.10
2.57
0.85
3.07
8.09
6.62
1.32
3.79
12.41
12.68
1.38
-6.54
-5.98
-9.25
-16.80
-17.00
-9.64
-1.98
2.95
2.28
-2.40
-2.06
4.05
7.22
5.60
2.64
-1.15
-4.22
-4.25
-2.15
0.33
2.42
2.76
2.11
3.72
7.57
8.65
6.34
5.88
8.14
8.69
6.58
5.49
5.74
4.60
1.42
-1.73
-2.80
-1.91
-0.75
-1.04
-2.19
-2.92
-3.79
-4.71
-4.91
-5.54
-5.07
-1.73
2.69
4.48
-0.55
-10.67
-16.09
-12.09
-5.95
-5.36
-7.94
-7.70
-5.46
-4.34
-2.43
2.24
4.72
1.38
-2.47
-2.31
-0.62
0.20
-0.06
-1.32
-2.35
-2.37
-0.83
1.98
3.01
1.64
0.26
